Valid pages have 10 , wordA = hong
0 ,word B = kong
wordA:[125, 194, 689, 711]
wordB:[126, 195, 690, 712]
combined:[126, 195, 690, 712]

1 ,word B = kong
wordA:[1, 10, 329, 352, 377, 399, 424, 837, 852]
wordB:[2, 11, 330, 353, 378, 400, 425, 838, 853]
combined:[2, 11, 330, 353, 378, 400, 425, 838, 853]

2 ,word B = kong
wordA:[2, 12, 483, 502, 663, 788, 800, 1115, 1401, 1467, 1553, 1582, 1728, 1743]
wordB:[3, 13, 484, 503, 664, 789, 801, 1116, 1402, 1468, 1554, 1583, 1729, 1744]
combined:[3, 13, 484, 503, 664, 789, 801, 1116, 1402, 1468, 1554, 1583, 1729, 1744]

3 ,word B = kong
wordA:[6, 14, 323, 327, 355, 378, 387, 413, 525, 535, 544, 560, 577, 588, 591, 599, 606, 615, 617, 676, 682, 689, 698, 708, 730, 759, 807, 831, 858, 881, 900, 915, 920, 932, 937, 993, 1015, 1045, 1069, 1107, 1138, 1157, 1166, 1181, 1190, 1193, 1207, 1225, 1241, 1253, 1296, 1301, 1318, 1353, 1363, 1383, 1385, 1418, 1443, 1447, 1485, 1493, 1504, 1518, 1526, 1687, 1710, 1719, 1745, 2066, 2081]
wordB:[7, 15, 324, 328, 356, 379, 388, 414, 526, 536, 545, 561, 578, 589, 592, 600, 607, 616, 618, 677, 683, 690, 699, 709, 731, 760, 808, 832, 859, 882, 901, 916, 921, 933, 938, 994, 1016, 1046, 1070, 1108, 1139, 1158, 1167, 1182, 1191, 1194, 1208, 1226, 1242, 1254, 1297, 1302, 1319, 1354, 1364, 1384, 1386, 1419, 1444, 1448, 1486, 1494, 1505, 1519, 1527, 1688, 1711, 1720, 1746, 2067, 2082]
combined:[7, 15, 324, 328, 356, 379, 388, 414, 526, 536, 545, 561, 578, 589, 592, 600, 607, 616, 618, 677, 683, 690, 699, 709, 731, 760, 808, 832, 859, 882, 901, 916, 921, 933, 938, 994, 1016, 1046, 1070, 1108, 1139, 1158, 1167, 1182, 1191, 1194, 1208, 1226, 1242, 1254, 1297, 1302, 1319, 1354, 1364, 1384, 1386, 1419, 1444, 1448, 1486, 1494, 1505, 1519, 1527, 1688, 1711, 1720, 1746, 2067, 2082]

4 ,word B = kong
wordA:[388, 557, 565, 571, 586]
wordB:[389, 558, 566, 572, 587]
combined:[389, 558, 566, 572, 587]

5 ,word B = kong
wordA:[1, 10, 325, 353, 476, 588, 590, 617, 894, 909]
wordB:[2, 11, 326, 354, 477, 589, 591, 618, 895, 910]
combined:[2, 11, 326, 354, 477, 589, 591, 618, 895, 910]

7 ,word B = kong
wordA:[2, 32, 49]
wordB:[3, 33, 50]
combined:[3, 33, 50]

8 ,word B = kong
wordA:[10, 326, 337, 369, 375, 443, 487, 489, 506, 520, 525, 535, 539, 547, 551, 555, 579, 630, 653, 669, 699, 733, 739, 858, 873, 878, 882, 885, 889, 991, 1023, 1029, 1137, 1229, 1356, 1400, 2050, 2102, 2118, 2128, 2132, 2357, 2372]
wordB:[11, 327, 338, 370, 376, 444, 488, 490, 507, 521, 526, 536, 540, 548, 552, 556, 580, 631, 654, 670, 700, 734, 740, 859, 874, 879, 883, 886, 890, 992, 1024, 1030, 1138, 1230, 1357, 1401, 2051, 2103, 2119, 2129, 2133, 2358, 2373]
combined:[11, 327, 338, 370, 376, 444, 488, 490, 507, 521, 526, 536, 540, 548, 552, 556, 580, 631, 654, 670, 700, 734, 740, 859, 874, 879, 883, 886, 890, 992, 1024, 1030, 1138, 1230, 1357, 1401, 2051, 2103, 2119, 2129, 2133, 2358, 2373]

9 ,word B = kong
wordA:[177, 199]
wordB:[178, 200]
combined:[178, 200]

10 ,word B = kong
wordA:[678, 768, 945, 1188, 1299, 1518, 1533]
wordB:[679, 769, 946, 1189, 1300, 1519, 1534]
combined:[679, 769, 946, 1189, 1300, 1519, 1534]


No. of pages containing the word:10
Valid pages have 10 , wordA = hong
0 ,word B = kong
wordA:[126, 195, 690, 712]
wordB:[126, 195, 690, 712]
combined:[]

1 ,word B = kong
wordA:[2, 11, 330, 353, 378, 400, 425, 838, 853]
wordB:[2, 11, 330, 353, 378, 400, 425, 838, 853]
combined:[]

2 ,word B = kong
wordA:[3, 13, 484, 503, 664, 789, 801, 1116, 1402, 1468, 1554, 1583, 1729, 1744]
wordB:[3, 13, 484, 503, 664, 789, 801, 1116, 1402, 1468, 1554, 1583, 1729, 1744]
combined:[]

3 ,word B = kong
wordA:[7, 15, 324, 328, 356, 379, 388, 414, 526, 536, 545, 561, 578, 589, 592, 600, 607, 616, 618, 677, 683, 690, 699, 709, 731, 760, 808, 832, 859, 882, 901, 916, 921, 933, 938, 994, 1016, 1046, 1070, 1108, 1139, 1158, 1167, 1182, 1191, 1194, 1208, 1226, 1242, 1254, 1297, 1302, 1319, 1354, 1364, 1384, 1386, 1419, 1444, 1448, 1486, 1494, 1505, 1519, 1527, 1688, 1711, 1720, 1746, 2067, 2082]
wordB:[7, 15, 324, 328, 356, 379, 388, 414, 526, 536, 545, 561, 578, 589, 592, 600, 607, 616, 618, 677, 683, 690, 699, 709, 731, 760, 808, 832, 859, 882, 901, 916, 921, 933, 938, 994, 1016, 1046, 1070, 1108, 1139, 1158, 1167, 1182, 1191, 1194, 1208, 1226, 1242, 1254, 1297, 1302, 1319, 1354, 1364, 1384, 1386, 1419, 1444, 1448, 1486, 1494, 1505, 1519, 1527, 1688, 1711, 1720, 1746, 2067, 2082]
combined:[]

4 ,word B = kong
wordA:[389, 558, 566, 572, 587]
wordB:[389, 558, 566, 572, 587]
combined:[]

5 ,word B = kong
wordA:[2, 11, 326, 354, 477, 589, 591, 618, 895, 910]
wordB:[2, 11, 326, 354, 477, 589, 591, 618, 895, 910]
combined:[]

7 ,word B = kong
wordA:[3, 33, 50]
wordB:[3, 33, 50]
combined:[]

8 ,word B = kong
wordA:[11, 327, 338, 370, 376, 444, 488, 490, 507, 521, 526, 536, 540, 548, 552, 556, 580, 631, 654, 670, 700, 734, 740, 859, 874, 879, 883, 886, 890, 992, 1024, 1030, 1138, 1230, 1357, 1401, 2051, 2103, 2119, 2129, 2133, 2358, 2373]
wordB:[11, 327, 338, 370, 376, 444, 488, 490, 507, 521, 526, 536, 540, 548, 552, 556, 580, 631, 654, 670, 700, 734, 740, 859, 874, 879, 883, 886, 890, 992, 1024, 1030, 1138, 1230, 1357, 1401, 2051, 2103, 2119, 2129, 2133, 2358, 2373]
combined:[]

9 ,word B = kong
wordA:[178, 200]
wordB:[178, 200]
combined:[]

10 ,word B = kong
wordA:[679, 769, 946, 1189, 1300, 1519, 1534]
wordB:[679, 769, 946, 1189, 1300, 1519, 1534]
combined:[]


No. of pages containing the word:0